1.291125030000000038e+02 3.524860000000000326e+01
1.279748000000000019e+02 3.687300100000000214e+01
1.431571959999999990e+02 4.201499900000000309e+01
1.266243589999999983e+02 3.747767999999999944e+01
1.370289999999999964e+02 3.535000000000000142e+01
1.421844940000000008e+02 2.709569899999999976e+01
1.431535030000000006e+02 4.201850100000000054e+01
1.414461670000000026e+02 4.284266999999999825e+01
1.373541720000000055e+02 3.560399999999999920e+01
1.398137969999999939e+02 3.311529900000000026e+01
1.331136630000000025e+02 3.500183100000000280e+01
1.425930020000000127e+02 4.411880099999999771e+01
1.407896729999999934e+02 3.786899900000000230e+01
1.338763280000000009e+02 3.373149899999999946e+01
1.308766939999999863e+02 3.312500000000000000e+01
1.382571719999999971e+02 3.804000099999999662e+01
1.381829989999999952e+02 3.467766999999999911e+01
1.304526669999999910e+02 3.150933099999999953e+01
1.410646669999999858e+02 4.078950100000000134e+01
1.293963320000000010e+02 3.452750000000000341e+01
1.353986659999999915e+02 3.528567100000000067e+01
1.401906740000000013e+02 3.623083100000000201e+01
1.382040560000000085e+02 3.654567000000000121e+01
1.295934139999999957e+02 4.461762999999999835e+01
1.273963999999999999e+02 3.542129899999999765e+01
1.269170989999999932e+02 3.749389999999999645e+01
1.273638080000000059e+02 3.637718999999999880e+01
1.427604059999999890e+02 4.695869799999999827e+01
1.355706000000000131e+02 3.486350000000000193e+01
1.384302999999999884e+02 3.790460000000000207e+01
1.397740000000000009e+02 3.245080000000000098e+01
1.394206000000000074e+02 3.663419999999999987e+01
1.408516999999999939e+02 3.570550000000000068e+01
1.384181000000000097e+02 3.523069999999999879e+01
1.287572000000000116e+02 3.271770000000000067e+01
1.401113000000000000e+02 3.995550000000000068e+01
1.424145000000000039e+02 4.282079999999999842e+01
1.398024000000000058e+02 3.310479999999999734e+01
1.381348999999999876e+02 3.509649999999999892e+01
1.408777000000000044e+02 3.722460000000000235e+01
1.412286000000000001e+02 4.296719999999999828e+01
1.401406000000000063e+02 4.239280000000000115e+01
1.313061999999999898e+02 3.347010000000000218e+01
1.344553999999999974e+02 3.406060000000000088e+01
1.397349000000000103e+02 3.592900000000000205e+01
1.415833000000000084e+02 4.012169999999999703e+01
1.292066000000000088e+02 3.413589999999999947e+01
1.389937999999999931e+02 3.491669999999999874e+01
1.385657999999999959e+02 3.574260000000000304e+01
1.358907000000000096e+02 3.386520000000000152e+01
1.354899000000000058e+02 3.367819999999999681e+01
1.429625000000000057e+02 4.223910000000000053e+01
1.371781000000000006e+02 3.571679999999999922e+01
1.437084000000000117e+02 4.376250000000000284e+01
1.380628000000000100e+02 3.487380000000000280e+01
1.405833000000000084e+02 3.825849999999999795e+01
1.415301000000000045e+02 3.897619999999999862e+01
1.444850999999999885e+02 4.298199999999999932e+01
1.304098999999999933e+02 3.037809999999999988e+01
1.385142999999999915e+02 3.729769999999999897e+01
1.391485000000000127e+02 3.420559999999999690e+01
1.404106999999999914e+02 4.116190000000000282e+01
1.373622000000000014e+02 3.522390000000000043e+01
1.420849000000000046e+02 4.480169999999999675e+01
1.457378999999999962e+02 4.336730000000000018e+01
1.353478000000000065e+02 3.416559999999999775e+01
1.429384000000000015e+02 4.432180000000000319e+01
1.335324999999999989e+02 3.476820000000000022e+01
1.320018000000000029e+02 3.434029999999999916e+01
1.380122000000000071e+02 3.468580000000000041e+01
1.334690999999999974e+02 3.382719999999999771e+01
1.389822000000000060e+02 3.615570000000000306e+01
1.405097000000000094e+02 4.046889999999999787e+01
1.421961000000000013e+02 2.709829999999999828e+01
1.333050000000000068e+02 3.625529999999999831e+01
1.302529999999999859e+02 3.350520000000000209e+01
1.394500999999999920e+02 3.796829999999999927e+01
1.389444000000000017e+02 3.550959999999999894e+01
1.449944000000000131e+02 4.405630000000000024e+01
1.303486000000000047e+02 3.196979999999999933e+01
1.385135999999999967e+02 3.499040000000000106e+01
1.366303000000000054e+02 3.620179999999999865e+01
1.297237000000000080e+02 3.288700000000000045e+01
1.309093000000000018e+02 3.119460000000000122e+01
1.363383000000000038e+02 3.518469999999999942e+01
1.329319000000000131e+02 3.397339999999999804e+01
1.307829999999999870e+02 3.151599999999999824e+01
1.313874999999999886e+02 3.281790000000000163e+01
1.312321000000000026e+02 3.189310000000000045e+01
1.309150999999999954e+02 3.260629999999999740e+01
1.413831000000000131e+02 4.110159999999999769e+01
1.420791000000000111e+02 4.477790000000000248e+01
1.378822000000000116e+02 3.491109999999999758e+01
1.328199999999999932e+02 3.317810000000000059e+01
1.400897999999999968e+02 3.621410000000000196e+01
1.381209000000000060e+02 3.583630000000000138e+01
1.398448999999999955e+02 3.497449999999999903e+01
1.415931999999999960e+02 3.937720000000000198e+01
1.340366999999999962e+02 3.357950000000000301e+01
1.436710999999999956e+02 4.292980000000000018e+01
1.370257000000000005e+02 3.740209999999999724e+01
1.365748000000000104e+02 3.437389999999999901e+01
1.351605000000000132e+02 3.565699999999999648e+01
1.402444999999999879e+02 3.692669999999999675e+01
1.328862000000000023e+02 3.519420000000000215e+01
1.310363999999999862e+02 3.428349999999999653e+01
1.344593999999999880e+02 3.508879999999999910e+01
